100
1313
8123
8113
4161
9197
1018
499
3155
83
5687
5687
5687
764
4905
250
4384
4900
7771
211
9700
65
36
396
57
32
9866
10
4515
7383
9372
8393
8460
3605
480
5160
40
5550
7935
1535
15
9928
3
3718
6954
9155
843
9809
39
4675
7028
28
386
9338
93
3167
3167
3167
150
9147
42
2571
6879
9652
3651
7940
4686
705
9726
17
562
9674
34
262
9552
51
1446
7396
7706
790
9991
10
10
9909
7
24
9972
2
884
9431
91
465
9417
26
16
9993
9
5063
9029
61
5764
7176
519
964
9044
75
595
9031
63
47
1937
5623
490
9861
64
307
417
77
94
8269
6242
3381
9166
1990
2979
4901
6122
24
9939
4
185
3458
1795
1192
5699
371
126
281
1
3168
7852
4606
67
9554
43
2124
2124
2124
3733
6676
8744
332
432
33
7
9894
8
942
9331
30
10
9943
5
655
9130
8
998
9727
56
358
9650
69
779
3170
1997
626
9692
58
6011
9430
5508
11
9985
1
15
5125
9781
353
9549
72
5043
6429
6665
29
442
12
872
9761
47
544
9020
12
773
9687
30
1469
6173
98
250
9809
15
926
9628
70
1
9988
6
78
9143
99
642
9252
4
609
9498
6
76
157
63
439
9219
28
159
9366
40
3686
6304
97
4213
5751
81
5197
9499
9628
906
3120
6561
789
9143
57
223
9494
7
3255
3741
22
281
9504
38
728
9555
58
641
9807
62
2456
6614
9125
185
9514
70
660
9286
7460
664
9047
63
4482
9628
9420
465
9349
55
50
276
62
231
9220
85
2127
3314
7271
51
2574
25
188
417
66
69
9747
79
